energy mue mumu mutau
0.05 0.08576033301310054 0.8786603385845116 0.03557932842746483
0.05023102106734062 0.09306953617337721 0.8455888554340322 0.061341608401145005
0.05046310954935236 0.1023197011027572 0.8016278808623232 0.09605241802751448
0.05069627037794076 0.11317785483872644 0.7481842692704792 0.13863787586840573
0.05093050850779878 0.12527363944073872 0.686908717736777 0.18781764278655225
0.05116582891651224 0.13821150918514416 0.6196411526820782 0.24214733808509536
0.051402236604665454 0.1515831055757096 0.5483527643522982 0.30006413001454224
0.05163973659594757 0.16497943656169847 0.47508651876063895 0.35993404461287326
0.05187833393725929 0.17800251557926247 0.4018979199076088 0.4200995644434487
0.05211803369882008 0.19027615348890112 0.33079768997972264 0.47892615645949527
0.052358840974276004 0.20145564038792285 0.2636978883691431 0.534846471171424
0.052600760880807916 0.21123610280981947 0.20236280905437046 0.5864010880672906
0.052843798559240186 0.21935937317110382 0.14836578786067037 0.6322748389050807
0.05308795917415 0.22561926075665867 0.10305282429454829 0.6713279148933442
0.05333324791397696 0.22986516542504082 0.06751368484354392 0.7026211496857675
0.05357966999113355 0.23200402510516802 0.04256091338336393 0.7254350614772769
0.05382723064211576 0.23200063476536453 0.02871693666777024 0.73928242854567
0.0540759351276144 0.2298764167936448 0.026209225164648138 0.7439143580345237
0.05432578873262691 0.22570675978263605 0.034973257330992 0.7393199828939091
0.05457679676656957 0.2196170739300147 0.05466284349664921 0.7257200825959134
0.05482896456339049 0.2117777362398369 0.08466719762380893 0.7035550661739007
0.05508229748168281 0.20239811724063456 0.12413400413745126 0.6734678786740032
0.05533680090479866 0.1917198930235789 0.17199761463503505 0.6362824924072134
0.05559248024096354 0.1800098522264548 0.22701142651204653 0.5929787213399229
0.05584934092339115 0.1675524074821584 0.28778344244186993 0.5446641501655621
0.056107388410399 0.15464201528290694 0.35281398548786863 0.4925439993283065
0.05636662818552432 0.14157569775956724 0.4205345479571929 0.4378897543899559
0.056627065757640566 0.12864584519742656 0.4893467808785225 0.38200737403631596
0.05688870666107456 0.11613345991948347 0.5576606826486628 0.3262058575475536
0.05715155645572395 0.10430198121085296 0.6239311170042896 0.2717669019017944
0.05741562072717555 0.09339180798772444 0.6866918788186352 0.2199163133095334
0.057680905086823886 0.08361561167186897 0.7445866279081189 0.17179776053276946
0.05794741517199052 0.0751545069275371 0.796396122605766 0.1284493705742367
0.058215156646043834 0.06815512321586456 0.8410613028884328 0.09078357399613439
0.058484135198519256 0.06272759612501912 0.8777018940112362 0.05957050995527341
0.05875435654524037 0.058944474678018235 0.9056303227789118 0.035425202624209666
0.05902582642844024 0.056840519760191624 0.9243608568781885 0.018798623431050387
0.05929855061688346 0.05641334982159718 0.9336139905299528 0.009972659705168512
0.05957253490598879 0.05762487338781977 0.9333162048346015 0.00905892182087788
0.05984778511795216 0.06040343386611635 0.9235953266994178 0.016001239463888504
0.060124307101870604 0.06464658079146571 0.9047717946336231 0.030581624590236424
0.06040210673386641 0.07022437307245788 0.8773462118464563 0.05242941508252632
0.06068118991721202 0.07698311395300977 0.8419836262260906 0.08103325980880043
0.06096156258245553 0.08474941422274358 0.7994950225182255 0.1157555632341407
0.061243230687546564 0.0933344795501476 0.7508165442941416 0.15584897611890805
0.061526200217963074 0.10253851949676278 0.6969869823608899 0.20047449809479825
0.061810477186838415 0.11215517957520812 0.6391240726356213 0.2487207477322642
0.062096067635089194 0.12197590338952333 0.5784001409616243 0.29962395558405974
0.06238297763154348 0.13179413917064695 0.516017615850673 0.3521882449076411
0.06267121327307 0.14140931360880238 0.45318490383205684 0.4054057824835898
0.06296078068470753 0.1506305054990622 0.39109308723451286 0.45827640718819757
0.06325168601979515 0.15927976206877822 0.3308938621649097 0.509826375687201
0.06354393546010294 0.1671950116673876 0.2736790865719064 0.5591259016825162
0.06383753521596328 0.17423253750497558 0.22046225599913988 0.6053052064204217
0.06413249152640302 0.1802689880797006 0.17216216932993592 0.6475688425193007
0.06442881065927589 0.1852029106113241 0.12958898984534747 0.6852080994782817
0.06472649891139576 0.18895580399912135 0.09343284952937822 0.7176113464138608
0.06502556260867046 0.19147269737589995 0.06425508793963973 0.7442722146355858
0.06532600810623605 0.19272226909087167 0.04248216218614812 0.7647955686839941
0.06562784178859216 0.19269652880892796 0.028402212574895926 0.7789012585880335
0.0659310700697374 0.19141009227436107 0.02216422009187405 0.7864256876171807
0.06623569939330583 0.1888990840959145 0.023779647808328808 0.7873212680912244
0.06654173623270375 0.1852197086336763 0.033126419020743224 0.7816538723534595
0.06684918709124732 0.1804465326995171 0.04995505090349585 0.7695984164173527
0.06715805850230079 0.17467052633633276 0.07389673391868685 0.7514327397777313
0.06746835702941531 0.1679969094512795 0.10447312433851368 0.7275299662549863
0.06778008926646839 0.16054285259812504 0.1411076000141906 0.698349547443997
0.06809326183780409 0.152435079799758 0.18313771788463354 0.664427202382749
0.06840788139837359 0.14380742005431535 0.22982860547308223 0.6263639745496943
0.06872395463387686 0.13479835216531688 0.28038701749833467 0.5848146304223795
0.0690414882609046 0.12554858487393722 0.3339757923841633 0.5404756228357187
0.069360489027081 0.116198711049887 0.3897284514788147 0.4940728375716128
0.06968096371120713 0.10688697101837336 0.4467636957425207 0.44634933334459204
0.07000291912340487 0.09774715606614677 0.5041995700337334 0.3980532740094105
0.07032636210526184 0.08890667887962707 0.5611670834130484 0.3499262378188866
0.07065129952997667 0.08048483321844348 0.6168230945613058 0.3026920723326478
0.07097773830250508 0.0725912606088889 0.6703622939498003 0.2570464455531303
0.07130568535970644 0.0653246373388378 0.7210281382902576 0.21364722448066753
0.07163514767049153 0.05877159062454782 0.7681226175281448 0.17310579195358605
0.07196613223597034 0.053005848569739604 0.8110147597504018 0.13597939178139357
0.07229864608960096 0.04808762450827291 0.8491478044147587 0.10276457117250652
0.07263269629733904 0.04406323256480158 0.8820449988633998 0.07389176866017241
0.07296828995778783 0.0409649278246256 0.909313996789702 0.049721075465871185
0.07330543420234921 0.038810961408189265 0.9306498598611976 0.030539178801764027
0.0736441361953751 0.037605838021065624 0.9458366847832138 0.01655747725701893
0.0739844031343198 0.037340761213123706 0.9547478974830439 0.00791134135471777
0.07432624224989284 0.037994249638645616 0.9573452736147031 0.0046604767866010146
0.07466966080621261 0.03953290606362429 0.9536767600918745 0.006790333873223444
0.0750146661009609 0.04191231971093134 0.9438731857447178 0.014214494561712832
0.0753612654655378 0.045078081757241505 0.9281439604176985 0.02677795783102653
0.07570946626521759 0.04896689338012545 0.9067718708544381 0.044261235760154796
0.07605927589930522 0.05350774567836976 0.8801070885738138 0.06638516573153891
0.07641070180129349 0.05862315102827847 0.8485605096806427 0.09281633926423337
0.07676375143902112 0.06423040596530286 0.8125965492503201 0.1231730447475314
0.0771184323148314 0.07024286646386471 0.7727255136888855 0.15703161980107908
0.07747475196573157 0.07657121749681783 0.7294956734215324 0.19393310902693367
0.0778327179635531 0.08312471995722129 0.6834851555487447 0.23339012443158785
0.07819233791511233 0.08981241938616863 0.6352937718884866 0.27489380865612106
0.0785536194623725 0.09654430243887281 0.5855348922610044 0.3179208052252113
0.07891657028260585 0.10323238860531267 0.5348274661480851 0.3619401451670171
0.07928119808855684 0.10979174635129316 0.48378828814608815 0.40641996541947006
0.07964751062860613 0.11614142453128823 0.433024594111245 0.4508339812719154
0.08001551568693503 0.12220529161978384 0.3831270657456321 0.4946676425477837
0.08038522108369117 0.12791277698732073 0.3346633117607386 0.5374239111649708
0.08075663467515451 0.133199510089106 0.28817188385070464 0.5786286059742687
0.08112976435390434 0.13800785501727797 0.2441568756634024 0.617835269235535
0.08150461804898704 0.14228733937592752 0.20308314292264837 0.6546295176207826
0.0818812037260844 0.1459949778546116 0.16537217296046855 0.6886328491084872
0.0822595293876831 0.1490954921899574 0.1313986222893873 0.7195058854494134
0.08263960307324472 0.15156143040564346 0.10148753158865419 0.7469510379404734
0.08302143285937646 0.15337318930089705 0.0759122186900109 0.7707145919507098
0.08340502686000294 0.15451894511154363 0.05489284191040185 0.7905882129272351
0.08379039322653838 0.15499449809299853 0.03859561845846487 0.8064098834058847
0.0841775401480601 0.15480303746949478 0.027132675692236336 0.8180642868042841
0.08456647585148239 0.1539548337600255 0.020562506769077386 0.8254826594460122
0.08495720860173128 0.15246686593083508 0.018890996733473622 0.8286421373202494
0.08534974670192037 0.15036239114131247 0.022072980350566637 0.8275646285023851
0.08574409849352699 0.14767046504966858 0.030014289018695038 0.8223152459356925
0.08614027235656968 0.144425420733722 0.04257424087788904 0.8130003384022089
0.08653827670978623 0.14066631426732557 0.05956852575901849 0.7997651599972067
0.08693812001081251 0.13643634488292375 0.08077243486780092 0.782791220282351
0.08733981075636227 0.13178225745406183 0.10592438403918944 0.7622933585490632
0.08774335748240754 0.12675373475685428 0.13472967899457344 0.7385165862997534
0.08814876876436027 0.12140278662665539 0.16686447124546716 0.7117327421875105
0.08855605321725438 0.11578314272398792 0.20197985406676933 0.6822370032767882
0.08896521949592887 0.10994965517213384 0.23970604926147118 0.6503442956412375
0.08937627629521176 0.1039577168363429 0.2796566372045535 0.6163856460405791
0.08978923235010479 0.09786270049077492 0.32143278483409493 0.5807045147626039
0.09020409643596913 0.09171942357224688 0.3646274287974418 0.543653147723041
0.09062087736871183 0.08558164265805825 0.40882937380624484 0.5055889836327828
0.09103958400497311 0.07950158123595333 0.4536272693519629 0.46687114951274483
0.09146022524231469 0.07352949376490503 0.4986134312301324 0.42785707510839643
0.09188281001940857 0.06771326846267609 0.5433874777689911 0.3888992538736076
0.09230734731622736 0.06209807070526811 0.587559754204276 0.3503421751967669
0.09273384615423491 0.05672602839019649 0.6307545222425771 0.31251944947367005
0.09316231559657798 0.051635960104694345 0.6726128954698951 0.27575114453111793
0.09359276474827895 0.046863146454890314 0.712795504845128 0.24034134880412134
0.09402520275642912 0.04243914445678714 0.7509848820390235 0.2065759736059535
0.0944596388103833 0.03839164446667188 0.786887551801481 0.1747208038304317
0.09489608214195501 0.03474436873988325 0.8202358278357554 0.14501980351905036
0.09533454202561259 0.031517010354069716 0.8507893098013707 0.11769367993462934
0.09577502777867639 0.02872521091736331 0.8783360820374304 0.09293870713000663
0.09621754876151656 0.0263805752036981 0.9026936173734353 0.07092580750175455
0.09666211437775224 0.02449072061700943 0.9237093919647228 0.051799887490710406
0.09710873407445125 0.02305935918288222 0.9412612194381215 0.035679421444451236
0.0975574173423308 0.022086409599691267 0.9552573147571236 0.02265627570127629
0.09800817371595927 0.021568136750283077 0.9656361001034125 0.012795763196647818
0.0984610127739586 0.021497315978586506 0.9723657667278276 0.006136917335844188
0.09891594413920819 0.021863419371414856 0.9754436081410159 0.0026929725215042084
0.09937297747904912 0.022652821252509128 0.9748951412011754 0.0024520375717232935
0.09983212250548965 0.02384902009147172 0.9707730326151941 0.00537794731017959
0.10029338897541168 0.02543287405254413 0.963155849105542 0.011411276850099444
0.10075678669077785 0.027382847455035116 0.9521466500219705 0.020470502522540294
0.10122232549884018 0.02967526548616903 0.9378714414960094 0.03245329300877527
0.10169001529234904 0.03228457459603079 0.9204775113686516 0.047237914017869774
0.10215986600976354 0.03518360611063405 0.9001316640697493 0.0646847297939118
0.10263188763546259 0.03834384072075245 0.8770183744133766 0.08463778483224221
0.10310609019995716 0.041735671638504515 0.8513378789013516 0.10692644941882465
0.10358248378010343 0.04532866435893235 0.8233042226220417 0.13136711297042034
0.1040610784993169 0.049091811117251395 0.7931432791948393 0.15776490963237982
0.10454188452778751 0.05299377829263343 0.7610907604711108 0.18591546117424415
0.10502491208269575 0.057003145173787344 0.7273902318601909 0.21560662289801238
0.10551017142842975 0.06108863266880101 0.6922911482300672 0.24662021902761955
0.10599767287680353 0.06521932070976333 0.656046924342592 0.2787337548691728
0.10648742678727598 0.0693648532700411 0.6189130527398569 0.31172209390731
0.10697944356717108 0.07349563007736716 0.5811452809131533 0.34535908892287626
0.10747373367189901 0.07758298426777528 0.5429978584722823 0.37941915717009117
0.10797030760517831 0.08159934538251958 0.5047218638994553 0.41367879062563695
0.1084691759192592 0.08551838726174144 0.4665636193338796 0.44791799331003396
0.10897034921514771 0.08931516053376055 0.42876320069776214 0.4819216386727833
0.10947383814283104 0.09296620953635433 0.3915530493498024 0.5154807410174386
0.10997965340150372 0.09644967363631726 0.3551566903514061 0.5483936359157865
0.11048780573979508 0.09974537303476745 0.3197875613568768 0.5804670655123748
0.11099830595599772 0.10283487925809497 0.2856479551011736 0.6115171655458294
0.11151116489829685 0.1057015706376745 0.2529280774626222 0.641370351806514
0.11202639346500091 0.10833067317530672 0.22180522212855996 0.6698641046051836
0.11254400260477307 0.1107092872759807 0.19244306199400235 0.6968476506418737
0.1130640033168639 0.1128264009043336 0.16499105657975568 0.7221825424310693
0.11358640665134523 0.11467288978714288 0.1395839739713218 0.745743136160507
0.11411122370934484 0.11624150534048393 0.11634152505416523 0.7674169695286096
0.11463846564328245 0.11752685104787379 0.09536810715710366 0.7871050417229144
0.11516814365710655 0.11852534805456671 0.07675265361402916 0.8047219982643701
0.11570026900653263 0.1192351907735583 0.06056858521531197 0.8201962239496128
0.11623485299928238 0.11965629332158662 0.04687385904431812 0.8334698475783289
0.11677190699532392 0.11979022761839092 0.03571110978011148 0.8444986625518229
0.11731144240711314 0.11964015399006073 0.027107878193870182 0.8532519677726723
0.11785347069983637 0.11921074511900166 0.021076921272571124 0.8597123335715842
0.11839800339165385 0.11850810417755044 0.017616598166434013 0.863875297625812
0.11894505205394465 0.1175396779721279 0.0167113259751233 0.8657489960294077
0.11949462831155247 0.11631416590842782 0.01833209925868207 0.8653537348164697
0.12004674384303261 0.1148414255681908 0.022437067080377446 0.8627215073420501
0.12060141038090035 0.11313237566284748 0.028972161356843613 0.857895462977894
0.12115863971187996 0.11119889710139227 0.0378717703035375 0.850929332599708
0.12171844367715551 0.1090537328777075 0.04905945081691332 0.8418868163169259
0.12228083417262228 0.10671038744876853 0.06244867372631294 0.8308409388433379
0.12284582314913953 0.10418302623784884 0.07794359597444792 0.8178733778128519
0.12341342261278461 0.10148637585884779 0.09543985394296144 0.8030737702299241
0.12398364462510793 0.09863562561747898 0.11482537232496727 0.7865390020956974
0.12455650130338941 0.09564633080421002 0.1359811831570705 0.768372486083023
0.12513200482089593 0.09253431825201525 0.15878224985566952 0.7486834319425377
0.12571016740713983 0.08931559458987894 0.18309829135322622 0.7275861141128207
0.12629100134813923 0.08600625758088964 0.2087946016970918 0.7051991407833734
0.1268745189866785 0.08262241089190073 0.23573286075300945 0.6816447284215252
0.12746073272257114 0.07918008260036775 0.26377193194519993 0.6570479855256407
0.12804965501292292 0.07569514770336937 0.2927686432621091 0.6315362091101303
0.12864129837239666 0.07218325485438114 0.3225785480593915 0.605238197165884
0.12923567537347816 0.06865975751482997 0.35305666249657464 0.57828358007191
0.12983279864674355 0.06513964967057771 0.38405817674956905 0.5508021736664414
0.1304326808811274 0.061637506227884734 0.415439137445268 0.5229233564163324
0.13103533482419255 0.05816742816956118 0.4470570990653695 0.49477547285699586
0.13164077328240104 0.05474299251990417 0.47877174236259185 0.46648526521153766
0.13224900912138596 0.05137720713659906 0.5104454581211377 0.43817733483789384
0.13286005526622524 0.04808247031951011 0.5419438948760588 0.4099736349012837
0.133473924701716 0.04487053519955463 0.5731364694765569 0.3819929954215287
0.1340906304726507 0.04175247884654824 0.6038968396424365 0.35435068160906813
0.13471018568409415 0.03873867601216487 0.6341033379122801 0.32715798617361097
0.13533260350166204 0.03583877740368855 0.6636393666221573 0.30052185607174875
0.13595789715180084 0.033061692365550795 0.6923937537798422 0.2745445539514109
0.1365860799220688 0.030415575828951012 0.7202610699124028 0.24932335435419012
0.13721716516141821 0.027907819375153162 0.7471419061669046 0.2249502745519105
0.1378511662804792 0.025545046244986432 0.7729431141275898 0.20151183971936829
0.13848809675184454 0.023333110116092844 0.7975780079883854 0.17908888198517847
0.1391279701103562 0.02127709745993039 0.8209665298746855 0.15775637275236865
0.1397707999533928 0.019381333282942115 0.8430353792561046 0.1375832875448853
0.14041659994115857 0.017649390050075847 0.8637181075197581 0.11863250251078851
0.1410653837969736 0.016084099584273797 0.8829551788915334 0.10096072160117607
0.14171716530756545 0.014687567732392496 0.9006939989971186 0.0846184333436076
0.14237195832336227 0.013461191586143836 0.9168889124426766 0.06964989604008642
0.14302977675878706 0.012405679046151377 0.9315011708753862 0.056093150142983106
0.14369063459255324 0.01152107051778246 0.9444988730458955 0.04398005649616715
0.1443545458679618 0.01080676252918988 0.9558568784520156 0.0333363590738273
0.14502152469319954 0.010261533064662744 0.9655566961807798 0.024181770804555313
0.14569158524163933 0.009883568410067203 0.9735863506010376 0.01653008103369003
0.14636474175214076 0.009670491311590977 0.9799402255763425 0.010389283151488887
0.14704100852935312 0.00961939025423758 0.9846188888813165 0.005761720898410091
0.14772039994401903 0.009726849672382753 0.9876288985050575 0.0026442518508968766
0.1484029304332801 0.009988980911180197 0.9889825925204081 0.0010284265910941262
0.14908861450098357 0.01040145376455187 0.9886978641809407 0.0009006820714086146
0.14977746671799064 0.01095952842293064 0.9867979238890519 0.002242547699152378
0.150469501722486 0.01165808767165235 0.9833110496464532 0.005030862687220999
0.15116473422028887 0.012491669188992607 0.9782703275672378 0.009238003243260457
0.15186317898516555 0.013454497801104632 0.9717133839909649 0.014832118201610376
0.15256485085914342 0.014540517559589078 0.9636821106894087 0.021777371738892548
0.1532697647528263 0.0157434235160071 0.9542223846110952 0.030034191855026787
0.15397793564571127 0.017056693076269846 0.9433837835540934 0.03955952334608749
0.1546893785865069 0.018473616826495544 0.931219299100872 0.050307084043477425
0.15540410869345317 0.01998732873053462 0.9177850480901658 0.06222762314463211
0.1561221411546428 0.021590835607898925 0.9031399838381471 0.07526918051386748
0.15684349122834385 0.02327704580925357 0.88734560825833 0.08937734588711094
0.1575681742433239 0.025038797014886486 0.870465685963535 0.10449551697110834
0.1582962055991761 0.026868883089710725 0.8525659613689146 0.12056515548592332
0.15902760076664596 0.028760079936149537 0.8337138797454982 0.13752604025805007
0.15976237528796056 0.030705170294004186 0.813978313109743 0.1553165165313288
0.16050054477715858 0.032696967443702804 0.7934292917649242 0.17387374072194
0.16124212492042203 0.034728337776535036 0.7721377422461109 0.1931339199036948
0.16198713147640983 0.036792222202212156 0.7501752323517056 0.21303254536836086
0.16273558027659238 0.03888165637072819 0.7276137238828904 0.23350461966484076
0.16348748722558828 0.04098978969159572 0.7045253336453084 0.2544848765778735
0.1642428683015022 0.04310990313954407 0.6809821032076896 0.2759079935641509
0.16500173955626418 0.04523542584119726 0.6570557778489508 0.29770879621806773
0.16576411711597122 0.04735995044263302 0.6328175950686111 0.3198224543940462
0.1665300171812294 0.04947724726250467 0.6083380829764248 0.3421846696637097
0.16729945602749863 0.051581277240039206 0.5836868688231388 0.36473185383700857
0.16807245000543827 0.05366620369148014 0.5589324978814072 0.3874012983250881
0.1688490155412545 0.05572640289239395 0.5341422628347766 0.41013133416884734
0.16962916913704965 0.05775647350692272 0.5093820437851322 0.4328614826023078
0.17041292737117256 0.059751244888281825 0.4847161589426711 0.4555325960619487
0.17120030689857116 0.06170578427784384 0.46020722601972314 0.4780869895941443
0.17199132445114623 0.06361540293269984 0.43591603430793846 0.500468562650156
0.1727859968381069 0.0654756612140787 0.4119014273810127 0.5226229112950166
0.17358434094632802 0.06728237267103533 0.3882201963286438 0.5444974308899804
0.17438637374070884 0.06903160715562913 0.3649269833941323 0.5660414093396818
0.17519211226453366 0.07071969300740712 0.34207419585730786 0.5872061110248041
0.17600157363983396 0.0723432183462565 0.3197119299757104 0.607944851567804
0.1768147750677521 0.07389903151385799 0.2978879047714696 0.6282130636050106
0.17763173382890704 0.07538424070463327 0.2766474054266346 0.6479683537598021
0.17845246728376146 0.07679621282794628 0.2560332360296291 0.6671705510344375
0.1792769928729908 0.07813257164349263 0.23608568139506575 0.6857817468546771
0.18010532811785354 0.07939119521219172 0.21684247766303902 0.703766327019406
0.18093749062056397 0.08057021270495685 0.1983387913689115 0.7210909958223886
0.18177349806466597 0.08166800061146702 0.18060720666155658 0.7377247926250329
0.18261336821540874 0.08268317839096284 0.16367772033745698 0.753639101171637
0.18345711892012465 0.0836146036065311 0.14757774434877313 0.7688076519469124
0.18430476810860794 0.08446136658392098 0.13233211543648757 0.7832065178842236
0.18515633379349627 0.08522278463512192 0.1179631115339002 0.7968141037381029
0.18601183407065336 0.08589839588638341 0.10449047458224668 0.809611129441167
0.1868712871195532 0.08648795274917828 0.09193143939727133 0.8215806077661773
0.18773471120366678 0.08699141507195185 0.08030076822508973 0.8327078166186325
0.18860212467084989 0.08740894300922572 0.06961079062573632 0.8429802662838441
0.1894735459537333 0.08774088964370408 0.059871448324617875 0.8523876619537192
0.19034899357011428 0.08798779339567682 0.051090344674707015 0.860921861855024
0.19122848612334994 0.08815037025292158 0.0432727983763453 0.8685768312996166
0.19211204230275297 0.0882295058530125 0.03642190110633282 0.8753485929731079
0.19299968088398836 0.08822624744861476 0.030538578713799155 0.8812351737737215
0.19389142072947277 0.08814179578502661 0.025621655646982336 0.8862365485078624
0.1947872807887751 0.08797749691792396 0.021667922282455336 0.8903545807433335
0.19568728009901915 0.0877348339978048 0.018672204836386555 0.8935929611134252
0.19659143778528843 0.08741541904637783 0.016627437546161146 0.895957143358995
0.19749977306103217 0.08702098474868396 0.015524736819883466 0.8974542783870021
0.198412305228474 0.08655337628334103 0.015353477060977701 0.8980931466152993
0.199329053679022 0.08601454321208743 0.016101367885262827 0.8978840888663128
0.2002500378936805 0.08540653144827108 0.017754532458262015 0.896838936061254
0.20117527744346456 0.08473147532266849 0.020297586691308225 0.8949709379579165
0.20210479198981532 0.08399158976378969 0.023713719045923804 0.89229469116629
0.20303860128501824 0.08318916260836491 0.027984770707142444 0.8888260666646057
0.20397672517262253 0.08232654705658657 0.03309131589766133 0.8845821370299869
0.20491918358786304 0.08140615428537044 0.039012742116102526 0.8795811035868148
0.20586599655808388 0.08043044623176207 0.04572733009402059 0.873842223666593
0.2068171842031637 0.0794019285573253 0.053212333277648564 0.8673857381614853
0.20777276673594372 0.07832314380338828 0.061444056651755376 0.8602327995453282
0.20873276446265682 0.0771966647457957 0.07039793473418766 0.8524054005244585
0.2096971977833593 0.07602508795678767 0.08004860858079146 0.843926303470767
0.21066608719236435 0.07481102758066493 0.09037000165145201 0.8348189707800943
0.21163945327867745 0.07355710932884532 0.10133539439872881 0.8251074962883906
0.21261731672643405 0.07226596469908153 0.11291749745126434 0.8148165378693729
0.2135996983153389 0.07094022542257651 0.12508852327440492 0.8039712513264162
0.21458661892110784 0.06958251814206726 0.13782025620081972 0.7925972256841017
0.21557809951591134 0.06819545932297842 0.1510841207336083 0.780720419973931
0.21657416116881995 0.0667816503990568 0.16485124803409085 0.7683671016007597
0.21757482504625245 0.06534367315320848 0.17909254051587123 0.7555637863681586
0.21858011241242517 0.06388408533346536 0.19377873447558544 0.7423371802313744
0.21959004462980428 0.06240541650353014 0.20888046069978752 0.7287141228402504
0.2206046431595594 0.06091016412656558 0.22436830299539967 0.7147215329246324
0.22162392956201982 0.05940078988051956 0.24021285459969527 0.7003863555693053
0.22264792549713272 0.05787971620260164 0.25638477243313446 0.6857355114166144
0.22367665272492324 0.0563493230601395 0.2728548291659672 0.6707958478289718
0.22471013310595708 0.05481194494456577 0.28959396307656815 0.6555940920365525
0.225748388601805 0.05326986808487482 0.3065733256861801 0.6401568062890712
0.22679144127550935 0.05172532787653723 0.32376432716115 0.6245103450247911
0.22783931329205317 0.05018050652146694 0.3411386794796808 0.6086808140635852
0.2288920269188309 0.04863753087440733 0.35866843736606385 0.5926940318263736
0.22994960452612187 0.047098470490767506 0.37632603700063205 0.5765754925774161
0.23101206858756557 0.045565335870707914 0.3940843325186587 0.5603503316813303
0.23207944168063888 0.04404007689406476 0.4119166303162051 0.5440432928621705
0.23315174648713652 0.042524581440528994 0.4297967211856063 0.5276786974478945
0.23422900579365236 0.04102067418930545 0.44769891030696835 0.5112804155792281
0.23531124249206403 0.03953011559235374 0.46559804512617176 0.4948718393583438
0.23639847958001944 0.038054601015215184 0.4834695411532611 0.4784758579096114
0.23749074016142502 0.03659576003932796 0.5012894057185573 0.46211483432130845
0.23858804744693726 0.035155155919656345 0.5190342597263048 0.4458105844341794
0.23969042475445546 0.03373428519144834 0.5366813574490262 0.42958435744054146
0.24079789550961758 0.03233457741985306 0.5542086044073575 0.41345681825450986
0.24191048324629777 0.03095739508620067 0.5715945733833381 0.3974480316127638
0.24302821160710672 0.029604033604663755 0.5888185186159087 0.38157744786219894
0.24415110434389398 0.02827572146311948 0.6058603882300154 0.36586389038998646
0.24527918531825238 0.026973620482030714 0.6227008349516491 0.35032554464962734
0.24641247850202572 0.025698826185236237 0.6393212251627566 0.33497994873541154
0.24755100797781748 0.024452368276580365 0.6557036463504283 0.3198439854563746
0.24869479793950316 0.023235211216429495 0.6718309130065607 0.304933875860281
0.24984387269274416 0.022048254892172416 0.6876865710338284 0.2902651741570215
0.25099825665550407 0.020892335376926776 0.7032549007151861 0.27585276399050507
0.25215797435856796 0.01976822577076471 0.7185209183038624 0.2617108560075015
0.25332305044606335 0.01867663711888776 0.7334703762910301 0.24785298667162348
0.254493509675984 0.01761821940131593 0.7480897624088094 0.23429201827067442
0.2556693769207163 0.01659356258877244 0.7623662974258124 0.2210401400654
0.25685067716756704 0.01560319775957351 0.7762879317917605 0.20810887052773266
0.2580374355192954 0.01464759827249484 0.7898433411884452 0.19550906061711523
0.25922967719464557 0.013727180990705757 0.8030219210426293 0.18325089804357247
0.26042742752888304 0.0128423075520259 0.8158137800568941 0.1713439124668085
0.261630711974333 0.01199328568089087 0.8282097328125364 0.15979698158094038
0.262839556100921 0.011180370537598105 0.8402012914998811 0.14861833803550925
0.26405398559671656 0.010403766100508508 0.8517806568274422 0.13781557714348436
0.26527402626847857 0.009663626577094027 0.8629407081642205 0.1273956653285147
0.2664997040422044 0.008960057839820044 0.8736749929645423 0.11736494926378077
0.26773104496368033 0.008293118883053598 0.8839777155270121 0.10772916565632346
0.268968075199035 0.007662823297316452 0.8938437251359356 0.09849345163129557
0.27021082103529576 0.007069140757371904 0.903268503633481 0.08966235567179562
0.271459308880947 0.006511998520781361 0.9122481524689717 0.08123984907089757
0.27271356526649165 0.005991282933728404 0.9207793792711532 0.07322933785368974
0.2739736168450143 0.005506840941053163 0.9288594839872436 0.06563367512816569
0.2752394903927485 0.005058481597592899 0.936486344631654 0.05845517382502797
0.276511212809645 0.00464597757807732 0.9436584026862803 0.05169561978767204
0.2777888111199438 0.004269066682965443 0.9503746481919624 0.045356285174765275
0.27907231247274816 0.003927453337761632 0.9566346045704461 0.039437942139111094
0.2803617441426016 0.0036208100834837333 0.9624383132137407 0.03394087674768121
0.2816571335300677 0.0033487790560985976 0.9677863178773031 0.028864903108987355
0.28295850816231216 0.003110973452873447 0.9726796489118227 0.02420937767519044
0.28426589569368754 0.002906978983719973 0.9771198073660011 0.01997321368757127
0.2855793239063215 0.0027363553057445575 0.981108748993591 0.016154895735296375
0.2868988207107066 0.002598637439333179 0.9846488681940788 0.012752494398607579
0.28822441414629374 0.00249333716422716 0.9877429819162395 0.009763680948818914
0.28955613238208794 0.0024199443941649215 0.9903943135536569 0.00718574207874902
0.2908940037172466 0.0023779285287710804 0.992606476856614 0.005015594638414729
0.29223805658168167 0.0023667397814950124 0.9943834598874887 0.0032498003520277235
0.2935883195366627 0.00238581048249955 0.9957296090421598 0.001884580493530444
0.29494482127542476 0.0024345563555080185 0.9966496131607427 0.0009158304990639961
0.29630759062377765 0.0025123777677153983 0.9971484877488284 0.000339134495933152
0.2976766565407184 0.0026186609519645017 0.9972315593288683 0.00014977972875161
0.299052048119047 0.0027527792004821963 0.9969044499416047 0.00034277086457041277
0.3004337945859843 0.00291409402955514 0.9961730618143098 0.0009128441598773783
0.3018219253037933 0.0031019563146113833 0.9950435622128057 0.0018544814734198598
0.3032164697704031 0.003315707395254492 0.9935223684927901 0.0031619241098429537
0.30461745762003545 0.003554680149873855 0.9916161333649036 0.004829186480150043
0.3060249186238349 0.003818200039526296 0.989331730386467 0.006850069565972576
0.3074388826905011 0.00410558612085854 0.9866762396925556 0.009218174175610041
0.3088593798669245 0.004416152027900534 0.9836569339774476 0.011926913980712375
0.3102864403388251 0.004749206922630248 0.980281264737102 0.014969528323406906
0.31172009443139304 0.005104056414260424 0.9765568487813703 0.01833909478451288
0.3131603726099344 0.0054800034472685995 0.972491455025593 0.022028541504390788
0.31460730548051713 0.005876349158223767 0.9680929915673079 0.02603065924869738
0.3160609237906225 0.006292393701543505 0.963369493057558 0.030338113212249197
0.3175212584297981 0.00672743704432334 0.9583291083692943 0.03494345455476875
0.318988340430314 0.007180779730469865 0.9529800885717714 0.03983913166324348
0.32046220096782263 0.00765172361436566 0.9473307752121506 0.04501750113610443
0.32194287136202093 0.008139572564367915 0.9413895889100374 0.050470838485295655
0.32343038307731625 0.008643633136460606 0.935165018267529 0.056191348552842114
0.32492476772349443 0.009163215218413567 0.9286656090964398 0.06217117563916116
0.3264260570563922 0.009697632644840826 0.921899953965351 0.06840241334098744
0.3279342829785715 0.010246203783576551 0.9148766820674493 0.07487711409734238
0.3294494775399974 0.010808252093804085 0.9076044494093661 0.081587298442456
0.3309716729387196 0.011383106656409427 0.9000919293213256 0.08852496396513072
0.3325009015215559 0.011970102677049177 0.8923478032885527 0.09568209397452826
0.3340371957847806 0.012568581962434662 0.8843807521022691 0.10305066587273738
0.33558058837481414 0.013177893370359798 0.8761994473293886 0.11062265923499041
0.33713111208891705 0.013797393234017696 0.8678125430992365 0.11839006359882404
0.33868879987588746 0.014426445761153926 0.8592286682045589 0.12634488596378304
0.34025368483676033 0.015064423408624307 0.850456418514611 0.13447915800367383
0.3418258002255118 0.015710707232942798 0.8415043496975704 0.14278494299382055
0.3434051794497651 0.016364687217394754 0.8323809702485915 0.1512543424558809
0.34499185607150085 0.017025762576308275 0.8230947348198564 0.15987950252322186
0.34658586380777023 0.01769334203709788 0.8136540378495912 0.16865262003022669
0.34818723653141115 0.01836684410066652 0.8040672074849429 0.17756594832889738
0.34979600827176854 0.01904569728077981 0.7943424997947877 0.1866118028365743
0.3514122132154174 0.019729340323024015 0.7844880932680168 0.19578256631877283
0.3530358857068886 0.020417222403953526 0.7745120835922742 0.20507069391128177
0.3546670602493997 0.021108803311040224 0.7644224787083123 0.2144687178859153
0.35630577150558734 0.021803553604025243 0.7542271941345816 0.22396925216438188
0.3579520542982443 0.02250095475829893 0.7439340485573823 0.23356499658516647
0.3596059436110594 0.02320049929087431 0.7335507596799683 0.2432487409278451
0.36126747458936065 0.02390169086960402 0.7230849403266718 0.2530133687003393
0.36293668254086253 0.024604044406183773 0.7125440947947659 0.2628518606936143
0.3646136029364157 0.025307086133568055 0.7019356154495872 0.27275729830936835
0.3662982714107615 0.02601035366836323 0.6912667795563824 0.28272286666577
0.36799072376328834 0.026713396058776956 0.6805447463432841 0.2927418574865689
0.36969099595879323 0.02741577381868448 0.6697765542891814 0.3028076717788701
0.3713991241282458 0.028117058948398287 0.6589691186312654 0.3129138223052433
0.37311514456955547 0.02881683494265462 0.6481292290852017 0.3230539358552052
0.3748390937483438 0.029514696786401083 0.6372635477729661 0.3332217553219732
0.37657100829871853 0.030210250938872227 0.6263786073512772 0.3434111415894626
0.3783109250240527 0.030903115306533446 0.6154808093357632 0.35361607523562544
0.38005888089776635 0.03159291920535718 0.6045764226138578 0.3638306580570486
0.38181491306411214 0.032279303312967286 0.5936715821410875 0.37404911442064864
0.3835790588389651 0.0329619196111253 0.5827722878143653 0.38426579244766373
0.3853513557106149 0.03364043131906622 0.5718844035168841 0.39447516503566754
0.3871318413405634 0.03431451281813476 0.5610136563283354 0.40467183072374346
0.3889205535643243 0.03498384956817604 0.5501656358945027 0.4148505144060745
0.3907175303922271 0.03564813801618219 0.5393457939513504 0.42500606789985884
0.3925228100102254 0.03630708549755613 0.5285594439965979 0.43513347037191047
0.3943364307807075 0.03696041013049143 0.5178117611043418 0.44522782862994853
0.3961584312433126 0.03760784070384259 0.507107781876453 0.45528437728323684
0.39798885011574914 0.038249116558907205 0.4964524045255783 0.4652984787778389
0.3998277262946173 0.03888398746551134 0.48585038908423633 0.47526562331145084
0.40167509885623665 0.03951221349277143 0.47530635773464314 0.4851814286326405
0.4035310070574751 0.04013356487493072 0.46482479525437287 0.4950416397296754
0.4053954903365843 0.04074782187258907 0.4544100495721672 0.5048421284131973
0.4072685883140371 0.04135477462971031 0.4440663324293515 0.5145788927978827
0.40915034079336954 0.04195422302673326 0.4337977201417183 0.5242480566875568
0.41104078776202696 0.04254597653009623 0.4236081544569202 0.5338458688680557
0.41293996939221334 0.04312985403852796 0.41350144350295553 0.5433687023127409
0.41484792604174525 0.04370568372635881 0.40348126282265445 0.552813053304383
0.4167646982549096 0.04427330288419843 0.3935511564901116 0.5621755404782788
0.4186903267633245 0.044832557757226194 0.38371453830426916 0.5714529037903084
0.4206248524868058 0.04538330338138603 0.37397469305553893 0.5806420034142347
0.42256831653423577 0.04592540341771897 0.36433477786095464 0.5897398185717823
0.42452076020443724 0.046458729985156724 0.3547978235643611 0.5987434463003123
0.4264822249870511 0.046983163491915364 0.34536673619676617 0.6076501001605025
0.4284527525634174 0.047498592465824344 0.33604429849380396 0.6164571088890207
0.43043238480746215 0.04800491338372305 0.32683317146578567 0.6251619149985785
0.432421163786586 0.04850203050023003 0.3177358960173687 0.6337620733300264
0.43441913176255925 0.04898985567599498 0.30875489461255995 0.6422552495586318
0.4364263311924188 0.04946830820571068 0.29989247298217925 0.6506392186588732
0.43844280472937136 0.049937314646021996 0.29115082187005686 0.6589118633302913
0.44046859522369947 0.050396808643526046 0.28253201881483125 0.667071172387665
0.4425037457236716 0.0508467307630312 0.2740380299641817 0.6751152391184957
0.44454829947645796 0.051287028316241816 0.26567071191845304 0.6830422596107383
0.4466022999290482 0.051717655191009966 0.2574318136006924 0.6908505310534551
0.448665790729176 0.05213857168132033 0.2493229781503166 0.6985384500132853
0.4507388157262458 0.0525497443181181 0.24134574483754437 0.7061045106890754
0.4528214189722644 0.052951145701133774 0.23350155099605704 0.7135473031474147
0.45491364472277795 0.05334275433181812 0.22579173397127056 0.7208655115413907
0.4570155374378114 0.053724554447512896 0.2182175330818149 0.7280579123150536
0.4591271417828141 0.05409653585695019 0.21078009159177427 0.7351233723956099
0.46124850262960865 0.05445869377719621 0.20348045869146683 0.7420608473756316
0.46337966505734385 0.05481102867214127 0.19631959148462613 0.7488693796875348
0.4655206743534538 0.05515354609260474 0.1892983569797638 0.7555480967719386
0.4676715760146191 0.05548625651817149 0.18241753408387343 0.7620962092423128
0.4698324157477346 0.05580917520080086 0.17567781559638312 0.7685130090472166
0.4720032394708801 0.05612232201032366 0.16907981020168808 0.7747978676324936
0.47418409331429606 0.056425721281852324 0.16262404445835893 0.7809502341044826
0.4763750236213645 0.05671940166518732 0.15631096478342277 0.786969633396199
0.4785760769495931 0.057003395976315596 0.15014093943022658 0.792855664438471
0.48078730007160486 0.05727774105095198 0.14411426045807452 0.7986079983361769
0.48300873997613225 0.0575424776002933 0.1382311456925331 0.8042263765526015
0.48524044386901505 0.057797650068933705 0.13249174067478137 0.8097106091019359
0.4874824591742044 0.05804330649504275 0.1268961205988479 0.8150605727520841
0.4897348335347696 0.05827949837278136 0.12144429223538417 0.8202762092380766
0.4919976148139115 0.058506280517075154 0.11613619584098865 0.8253575234885144
0.4942708510959786 0.05872371093066105 0.11097170705174599 0.8303045818645188
0.49655459068748975 0.05893185067352789 0.10595063876015409 0.8351175104135928
0.49884888211816014 0.05913076373471957 0.10107274297435229 0.8397964931386023
0.5011537741419326 0.05932051690651721 0.09633771265874491 0.8443417702827635
0.5034693157380137 0.059501179661062886 0.09174518355524028 0.8487536366322072
0.5057955561119148 0.05967282402933557 0.08729473598414769 0.8530324398354611
0.5081325446964973 0.05983552448262506 0.08298589662420428 0.8571785787425671
0.5104803311530232 0.05998935781637813 0.07881814027083582 0.8611925017626724
0.5128389653722109 0.06013440303649107 0.07479089157211927 0.8650747052417314
0.515208497475294 0.06027074124804808 0.07090352674185703 0.8688257318609669
0.5175889778150881 0.060398455546450826 0.0671553752491354 0.8724461690558144
